SepalLengthCm_6.15_to_inf,SepalLengthCm_5.55_to_6.15,SepalWidthCm_3.35_to_inf,SepalWidthCm_2.95_to_3.35,PetalWidthCm_1.75_to_inf,PetalWidthCm_0.8_to_1.75,PetalLengthCm_4.75_to_inf,PetalLengthCm_2.45_to_4.75
0,0,1,0,0,0,0,0
0,0,0,1,0,0,0,0
0,0,0,1,0,0,0,0
0,0,0,1,0,0,0,0
0,0,1,0,0,0,0,0
0,0,1,0,0,0,0,0
0,0,1,0,0,0,0,0
0,0,1,0,0,0,0,0
0,0,0,1,0,0,0,0
0,0,1,0,0,0,0,0
0,0,1,0,0,0,0,0
0,0,0,1,0,0,0,0
0,0,0,1,0,0,0,0
0,0,1,0,0,0,0,0
0,0,1,0,0,0,0,0
0,0,1,0,0,0,0,0
0,0,1,0,0,0,0,0
0,0,1,0,0,0,0,0
0,0,1,0,0,0,0,0
0,0,0,1,0,0,0,0
0,0,1,0,0,0,0,0
0,0,0,1,0,0,0,0
0,0,1,0,0,0,0,0
0,0,1,0,0,0,0,0
0,0,1,0,0,0,0,0
0,0,0,1,0,0,0,0
0,0,0,1,0,0,0,0
0,0,1,0,0,0,0,0
0,0,1,0,0,0,0,0
0,0,1,0,0,0,0,0
0,0,0,1,0,0,0,0
0,0,0,1,0,0,0,0
0,0,1,0,0,0,0,0
0,0,0,1,0,0,0,0
0,0,0,1,0,0,0,0
0,0,1,0,0,0,0,0
0,0,1,0,0,0,0,0
0,0,0,1,0,0,0,0
0,0,1,0,0,0,0,0
0,0,1,0,0,0,0,0
0,0,0,1,0,0,0,0
0,0,1,0,0,0,0,0
0,0,0,1,0,0,0,0
0,0,1,0,0,0,0,0
0,0,0,1,0,0,0,0
0,0,0,0,0,1,0,1
1,0,0,0,0,1,0,1
0,1,0,0,0,1,0,1
0,0,0,0,0,1,0,1
1,0,0,0,0,1,0,1
0,0,0,0,0,1,0,1
0,0,0,0,0,1,0,1
0,1,0,0,0,1,0,1
0,1,0,0,0,1,0,1
0,1,0,0,0,1,0,1
0,1,0,0,0,1,0,1
1,0,0,0,0,1,0,1
0,1,0,0,0,1,0,1
0,1,0,0,0,1,0,1
0,1,0,0,0,1,0,1
1,0,0,0,0,1,0,1
0,1,0,0,0,1,0,1
0,1,0,0,0,1,0,1
0,0,0,0,0,1,0,1
0,0,0,0,0,1,0,1
0,1,0,0,0,1,0,1
1,0,0,0,0,1,0,1
0,0,0,0,0,1,0,1
0,0,0,0,0,1,0,1
0,1,0,0,0,1,0,1
0,0,0,0,0,1,0,1
0,1,0,0,0,1,0,1
0,1,0,0,0,1,0,1
1,0,0,0,0,1,0,1
0,0,0,0,0,1,0,1
0,1,0,0,0,1,0,1
1,0,0,1,1,0,1,0
1,0,0,1,1,0,1,0
1,0,0,0,1,0,1,0
1,0,0,1,1,0,1,0
1,0,0,1,1,0,1,0
0,0,0,0,0,1,0,1
1,0,0,0,1,0,1,0
1,0,0,0,1,0,1,0
1,0,0,1,1,0,1,0
1,0,0,0,1,0,1,0
1,0,0,1,1,0,1,0
1,0,0,1,1,0,1,0
1,0,0,1,1,0,1,0
1,0,0,0,1,0,1,0
1,0,0,1,1,0,1,0
1,0,0,0,1,0,1,0
1,0,0,0,1,0,1,0
1,0,0,1,1,0,1,0
1,0,0,1,1,0,1,0
1,0,0,0,1,0,1,0
1,0,0,0,1,0,1,0
1,0,0,0,1,0,1,0
1,0,0,0,1,0,1,0
1,0,0,1,1,0,1,0
1,0,0,1,1,0,1,0
1,0,0,1,1,0,1,0
1,0,0,1,1,0,1,0
1,0,0,1,1,0,1,0
1,0,0,1,1,0,1,0
1,0,0,1,1,0,1,0
1,0,0,1,1,0,1,0
1,0,0,0,1,0,1,0
1,0,0,1,1,0,1,0
