Checking account_rich,Saving accounts_little,Age_All,Sex_female,Sex_male,Credit amount_-inf_to_3839.5,Credit amount_3839.5_to_inf,Duration_All,Saving accounts_moderate,Checking account_moderate,Saving accounts_quite rich,Saving accounts_rich,Housing_free,Housing_own,Housing_rent,Checking account_little,Job
0,1,1,0,1,1,0,1,0,0,0,0,0,1,0,1,2
0,1,1,1,0,0,1,1,0,1,0,0,0,1,0,0,2
0,1,1,0,1,1,0,1,0,0,0,0,0,1,0,1,1
0,1,1,0,1,0,1,1,0,0,0,0,1,0,0,1,2
0,1,1,0,1,0,1,1,0,0,0,0,1,0,0,1,2
0,0,1,0,1,1,0,1,0,0,1,0,0,1,0,1,2
0,1,1,0,1,0,1,1,0,1,0,0,0,1,0,0,3
0,1,1,1,0,1,0,1,0,1,0,0,0,0,1,0,2
0,1,1,1,0,0,1,1,0,0,0,0,0,0,1,1,2
0,1,1,1,0,1,0,1,0,1,0,0,0,1,0,0,2
0,1,1,0,1,1,0,1,0,0,0,0,0,1,0,1,1
0,1,1,1,0,1,0,1,0,0,0,0,0,0,1,1,2
0,1,1,0,1,1,0,1,0,0,0,0,0,1,0,1,2
0,1,1,0,1,0,1,1,0,0,0,0,0,1,0,1,2
0,0,1,0,1,1,0,1,0,0,1,0,0,1,0,1,2
0,1,1,0,1,1,0,1,0,0,0,0,0,1,0,1,2
0,1,1,0,1,1,0,1,0,0,0,0,0,0,1,1,1
0,0,1,0,1,1,0,1,1,1,0,0,0,1,0,0,2
0,1,1,0,1,1,0,1,0,0,0,0,0,1,0,1,2
0,1,1,0,1,1,0,1,0,0,0,0,0,1,0,1,1
0,1,1,0,1,1,0,1,0,0,0,0,0,1,0,1,1
0,1,1,0,1,1,0,1,0,1,0,0,0,1,0,0,2
0,1,1,0,1,0,1,1,0,0,0,0,0,1,0,1,2
0,0,1,0,1,1,0,1,0,1,0,1,0,1,0,0,2
0,1,1,0,1,0,1,1,0,0,0,0,0,1,0,1,2
0,0,1,0,1,0,1,1,1,1,0,0,0,1,0,0,2
0,1,1,0,1,1,0,1,0,0,0,0,0,0,1,1,1
0,1,1,0,1,0,1,1,0,1,0,0,0,1,0,0,1
0,1,1,0,1,0,1,1,0,0,0,0,1,0,0,1,2
1,1,1,0,1,1,0,1,0,0,0,0,0,1,0,0,2
1,1,1,0,1,1,0,1,0,0,0,0,0,1,0,0,2
0,1,1,0,1,1,0,1,0,1,0,0,0,1,0,0,2
0,1,1,0,1,0,1,1,0,1,0,0,0,1,0,0,1
0,1,1,1,0,1,0,1,0,0,0,0,0,1,0,1,3
0,0,1,0,1,1,0,1,0,0,1,0,0,1,0,1,2
0,1,1,0,1,0,1,1,0,0,0,0,0,1,0,1,1
0,0,1,1,0,1,0,1,1,0,0,0,0,1,0,1,2
0,1,1,0,1,1,0,1,0,1,0,0,0,1,0,0,1
0,1,1,0,1,0,1,1,0,1,0,0,0,1,0,0,3
0,1,1,0,1,1,0,1,0,0,0,0,0,1,0,1,2
0,1,1,0,1,1,0,1,0,0,0,0,0,1,0,1,2
0,1,1,0,1,1,0,1,0,0,0,0,0,1,0,1,1
0,1,1,0,1,0,1,1,0,1,0,0,0,1,0,0,3
0,1,1,1,0,0,1,1,0,0,0,0,0,1,0,1,2
0,1,1,0,1,1,0,1,0,1,0,0,0,1,0,0,2
0,1,1,0,1,1,0,1,0,1,0,0,0,1,0,0,2
0,1,1,0,1,0,1,1,0,1,0,0,0,1,0,0,2
0,1,1,1,0,1,0,1,0,0,0,0,0,1,0,1,2
0,1,1,0,1,0,1,1,0,0,0,0,0,1,0,1,2
0,1,1,1,0,1,0,1,0,0,0,0,0,1,0,1,2
0,0,1,0,1,1,0,1,0,1,0,1,0,1,0,0,2
0,1,1,0,1,1,0,1,0,0,0,0,1,0,0,1,2
0,1,1,1,0,1,0,1,0,0,0,0,0,1,0,1,2
0,1,1,1,0,0,1,1,0,0,0,0,0,1,0,1,2
0,1,1,0,1,1,0,1,0,0,0,0,0,0,1,1,1
0,1,1,0,1,1,0,1,0,0,0,0,1,0,0,1,3
0,1,1,0,1,1,0,1,0,0,0,0,0,1,0,1,3
0,1,1,0,1,1,0,1,0,0,0,0,1,0,0,1,3
0,1,1,0,1,0,1,1,0,0,0,0,0,1,0,1,2
0,1,1,0,1,0,1,1,0,1,0,0,0,1,0,0,2
0,1,1,0,1,0,1,1,0,0,0,0,0,1,0,1,1
0,1,1,0,1,1,0,1,0,1,0,0,0,1,0,0,2
0,1,1,1,0,0,1,1,0,0,0,0,0,1,0,1,2
0,0,1,0,1,1,0,1,0,0,1,0,0,1,0,1,2
0,1,1,1,0,1,0,1,0,0,0,0,0,1,0,1,1
0,1,1,0,1,1,0,1,0,0,0,0,0,1,0,1,1
0,1,1,1,0,1,0,1,0,0,0,0,0,1,0,1,3
0,1,1,1,0,1,0,1,0,1,0,0,0,1,0,0,2
0,1,1,0,1,1,0,1,0,0,0,0,0,1,0,1,2
0,1,1,0,1,1,0,1,0,0,0,0,0,1,0,1,2
0,1,1,0,1,1,0,1,0,0,0,0,0,1,0,1,2
0,1,1,1,0,1,0,1,0,0,0,0,0,1,0,1,1
0,0,1,0,1,1,0,1,0,1,0,1,0,1,0,0,2
0,1,1,1,0,1,0,1,0,0,0,0,0,1,0,1,2
0,0,1,0,1,1,0,1,1,1,0,0,0,1,0,0,2
0,1,1,0,1,1,0,1,0,1,0,0,0,1,0,0,2
0,1,1,0,1,1,0,1,0,1,0,0,0,0,1,0,2
0,1,1,1,0,1,0,1,0,0,0,0,0,1,0,1,2
0,1,1,0,1,1,0,1,0,1,0,0,0,0,1,0,2
0,1,1,0,1,1,0,1,0,0,0,0,0,0,1,1,2
0,1,1,0,1,0,1,1,0,1,0,0,0,1,0,0,3
0,1,1,0,1,0,1,1,0,0,0,0,0,1,0,1,3
0,1,1,0,1,0,1,1,0,1,0,0,0,1,0,0,2
0,1,1,1,0,0,1,1,0,0,0,0,0,1,0,1,2
0,0,1,0,1,1,0,1,1,1,0,0,0,1,0,0,2
0,1,1,1,0,0,1,1,0,0,0,0,0,1,0,1,2
0,0,1,0,1,1,0,1,0,0,1,0,0,1,0,1,2
0,1,1,0,1,1,0,1,0,0,0,0,0,1,0,1,2
0,1,1,1,0,1,0,1,0,0,0,0,0,0,1,1,2
0,1,1,1,0,1,0,1,0,0,0,0,0,1,0,1,2
0,1,1,0,1,1,0,1,0,0,0,0,0,0,1,1,1
0,1,1,1,0,1,0,1,0,1,0,0,0,0,1,0,2
0,1,1,0,1,1,0,1,0,0,0,0,0,1,0,1,2
0,1,1,0,1,1,0,1,0,0,0,0,0,1,0,1,1
0,1,1,0,1,1,0,1,0,1,0,0,0,1,0,0,2
0,1,1,0,1,1,0,1,0,1,0,0,0,1,0,0,3
0,1,1,1,0,1,0,1,0,0,0,0,0,1,0,1,2
0,1,1,1,0,0,1,1,0,1,0,0,0,1,0,0,2
0,1,1,0,1,0,1,1,0,0,0,0,0,1,0,1,2
0,1,1,0,1,1,0,1,0,0,0,0,0,1,0,1,1
0,1,1,0,1,1,0,1,0,0,0,0,1,0,0,1,2
0,1,1,1,0,1,0,1,0,0,0,0,0,1,0,1,2
0,1,1,0,1,1,0,1,0,1,0,0,0,1,0,0,2
0,1,1,0,1,1,0,1,0,0,0,0,0,1,0,1,3
0,1,1,0,1,1,0,1,0,0,0,0,0,1,0,1,2
0,1,1,1,0,1,0,1,0,0,0,0,0,1,0,1,2
0,0,1,0,1,1,0,1,1,1,0,0,0,1,0,0,2
0,1,1,1,0,1,0,1,0,0,0,0,0,1,0,1,2
0,0,1,1,0,1,0,1,1,0,0,0,0,1,0,1,2
0,1,1,0,1,0,1,1,0,0,0,0,0,1,0,1,2
0,0,1,0,1,1,0,1,0,0,0,1,0,1,0,1,2
0,1,1,0,1,1,0,1,0,0,0,0,0,1,0,1,2
0,1,1,1,0,1,0,1,0,0,0,0,0,0,1,1,2
0,0,1,0,1,1,0,1,1,0,0,0,0,1,0,1,2
0,1,1,0,1,1,0,1,0,0,0,0,0,1,0,1,1
0,0,1,0,1,1,0,1,1,1,0,0,0,1,0,0,2
0,1,1,0,1,1,0,1,0,0,0,0,0,1,0,1,1
0,0,1,0,1,1,0,1,1,0,0,0,0,1,0,1,2
0,1,1,1,0,1,0,1,0,0,0,0,0,1,0,1,2
0,0,1,0,1,1,0,1,0,0,1,0,0,1,0,1,2
0,0,1,0,1,1,0,1,0,0,1,0,0,1,0,1,2
0,0,1,0,1,1,0,1,0,0,1,0,0,1,0,1,2
0,1,1,1,0,1,0,1,0,0,0,0,0,1,0,1,2
0,1,1,1,0,0,1,1,0,0,0,0,0,0,1,1,2
0,1,1,0,1,1,0,1,0,1,0,0,0,1,0,0,2
0,1,1,0,1,1,0,1,0,0,0,0,0,0,1,1,2
0,1,1,1,0,1,0,1,0,0,0,0,0,1,0,1,2
0,1,1,0,1,1,0,1,0,1,0,0,0,1,0,0,2
0,1,1,0,1,1,0,1,0,0,0,0,0,1,0,1,2
0,1,1,0,1,1,0,1,0,0,0,0,0,1,0,1,2
0,0,1,0,1,1,0,1,0,0,1,0,0,1,0,1,2
0,1,1,0,1,1,0,1,0,0,0,0,0,1,0,1,2
0,1,1,0,1,0,1,1,0,0,0,0,0,1,0,1,2
0,1,1,0,1,0,1,1,0,1,0,0,0,1,0,0,3
0,1,1,0,1,1,0,1,0,0,0,0,0,1,0,1,1
0,0,1,0,1,1,0,1,0,0,0,1,0,1,0,1,2
0,1,1,0,1,1,0,1,0,1,0,0,0,1,0,0,2
0,1,1,0,1,1,0,1,0,0,0,0,0,1,0,1,2
0,0,1,0,1,1,0,1,1,0,0,0,0,1,0,1,2
0,1,1,1,0,1,0,1,0,1,0,0,0,1,0,0,2
0,1,1,0,1,0,1,1,0,1,0,0,0,1,0,0,2
0,1,1,0,1,1,0,1,0,0,0,0,0,0,1,1,2
0,1,1,1,0,1,0,1,0,0,0,0,0,1,0,1,2
0,1,1,0,1,0,1,1,0,1,0,0,0,1,0,0,3
0,0,1,0,1,1,0,1,0,0,1,0,0,1,0,1,2
0,1,1,0,1,1,0,1,0,0,0,0,0,1,0,1,1
0,1,1,0,1,0,1,1,0,0,0,0,0,1,0,1,2
0,1,1,0,1,1,0,1,0,0,0,0,0,0,1,1,2
0,1,1,0,1,1,0,1,0,0,0,0,0,1,0,1,1
0,1,1,0,1,0,1,1,0,0,0,0,1,0,0,1,3
0,1,1,0,1,1,0,1,0,0,0,0,0,1,0,1,2
0,1,1,0,1,1,0,1,0,1,0,0,0,1,0,0,2
0,1,1,0,1,0,1,1,0,0,0,0,0,1,0,1,1
0,0,1,0,1,1,0,1,0,0,0,1,0,1,0,1,2
0,1,1,0,1,1,0,1,0,0,0,0,0,1,0,1,2
0,1,1,1,0,1,0,1,0,0,0,0,0,1,0,1,1
0,1,1,0,1,0,1,1,0,0,0,0,0,1,0,1,2
0,1,1,0,1,1,0,1,0,0,0,0,0,1,0,1,2
0,1,1,1,0,1,0,1,0,1,0,0,0,1,0,0,1
0,1,1,0,1,1,0,1,0,0,0,0,0,1,0,1,2
0,1,1,0,1,1,0,1,0,0,0,0,0,0,1,1,1
0,1,1,1,0,1,0,1,0,0,0,0,0,1,0,1,2
0,1,1,0,1,1,0,1,0,1,0,0,0,1,0,0,1
0,1,1,1,0,1,0,1,0,0,0,0,0,0,1,1,2
0,1,1,0,1,1,0,1,0,0,0,0,0,1,0,1,2
0,1,1,0,1,1,0,1,0,0,0,0,0,1,0,1,2
0,1,1,0,1,0,1,1,0,0,0,0,0,1,0,1,2
0,1,1,0,1,1,0,1,0,0,0,0,0,1,0,1,2
0,1,1,0,1,0,1,1,0,0,0,0,1,0,0,1,3
0,1,1,0,1,1,0,1,0,0,0,0,0,1,0,1,2
0,1,1,0,1,1,0,1,0,0,0,0,1,0,0,1,2
0,0,1,0,1,1,0,1,1,0,0,0,0,1,0,1,2
0,1,1,0,1,1,0,1,0,1,0,0,0,1,0,0,1
0,1,1,0,1,1,0,1,0,0,0,0,0,1,0,1,1
0,1,1,0,1,1,0,1,0,0,0,0,0,1,0,1,3
0,1,1,1,0,1,0,1,0,0,0,0,0,1,0,1,2
0,1,1,0,1,1,0,1,0,0,0,0,0,1,0,1,2
0,1,1,1,0,1,0,1,0,0,0,0,0,1,0,1,2
0,1,1,0,1,1,0,1,0,0,0,0,0,1,0,1,2
0,1,1,0,1,0,1,1,0,0,0,0,1,0,0,1,2
0,1,1,1,0,1,0,1,0,0,0,0,0,1,0,1,2
0,1,1,0,1,1,0,1,0,0,0,0,0,1,0,1,2
0,1,1,0,1,1,0,1,0,0,0,0,0,1,0,1,2
1,1,1,0,1,1,0,1,0,0,0,0,0,1,0,0,2
0,1,1,1,0,1,0,1,0,0,0,0,0,0,1,1,2
1,1,1,1,0,1,0,1,0,0,0,0,0,1,0,0,1
0,1,1,1,0,1,0,1,0,1,0,0,0,1,0,0,2
0,1,1,0,1,1,0,1,0,1,0,0,0,1,0,0,2
0,1,1,0,1,0,1,1,0,1,0,0,0,1,0,0,1
0,1,1,0,1,1,0,1,0,0,0,0,0,1,0,1,1
0,1,1,0,1,1,0,1,0,0,0,0,1,0,0,1,2
0,0,1,1,0,1,0,1,1,0,0,0,0,1,0,1,2
0,1,1,0,1,1,0,1,0,0,0,0,0,1,0,1,2
0,1,1,1,0,1,0,1,0,0,0,0,0,1,0,1,2
0,1,1,0,1,0,1,1,0,0,0,0,1,0,0,1,3
0,1,1,0,1,1,0,1,0,0,0,0,0,1,0,1,1
0,1,1,0,1,1,0,1,0,1,0,0,0,1,0,0,2
0,1,1,0,1,0,1,1,0,0,0,0,0,1,0,1,2
0,1,1,1,0,1,0,1,0,0,0,0,0,1,0,1,2
0,1,1,0,1,0,1,1,0,0,0,0,0,1,0,1,3
0,1,1,0,1,1,0,1,0,0,0,0,0,1,0,1,2
0,1,1,0,1,1,0,1,0,0,0,0,0,1,0,1,2
0,1,1,0,1,1,0,1,0,1,0,0,0,1,0,0,2
0,1,1,0,1,0,1,1,0,0,0,0,0,1,0,1,1
0,1,1,0,1,1,0,1,0,0,0,0,0,1,0,1,2
0,1,1,1,0,1,0,1,0,0,0,0,0,1,0,1,2
0,1,1,0,1,1,0,1,0,0,0,0,0,1,0,1,1
0,1,1,1,0,0,1,1,0,0,0,0,0,1,0,1,2
0,1,1,0,1,1,0,1,0,0,0,0,0,1,0,1,2
1,1,1,0,1,1,0,1,0,0,0,0,0,1,0,0,1
0,1,1,0,1,1,0,1,0,0,0,0,0,1,0,1,2
0,0,1,0,1,0,1,1,1,1,0,0,0,1,0,0,2
0,1,1,0,1,0,1,1,0,0,0,0,0,1,0,1,2
0,1,1,1,0,1,0,1,0,1,0,0,0,1,0,0,2
0,1,1,0,1,1,0,1,0,0,0,0,0,1,0,1,2
0,1,1,0,1,1,0,1,0,0,0,0,0,1,0,1,2
0,1,1,0,1,0,1,1,0,0,0,0,0,1,0,1,3
0,1,1,1,0,0,1,1,0,1,0,0,0,1,0,0,2
0,1,1,1,0,0,1,1,0,0,0,0,0,0,1,1,2
0,1,1,0,1,1,0,1,0,0,0,0,0,1,0,1,1
0,1,1,0,1,1,0,1,0,0,0,0,0,1,0,1,2
0,0,1,0,1,1,0,1,0,1,0,1,0,1,0,0,2
0,1,1,1,0,1,0,1,0,1,0,0,0,1,0,0,2
1,1,1,0,1,1,0,1,0,0,0,0,0,1,0,0,1
0,1,1,0,1,1,0,1,0,0,0,0,0,1,0,1,2
0,0,1,0,1,1,0,1,0,0,0,1,0,1,0,1,2
0,1,1,1,0,1,0,1,0,1,0,0,0,1,0,0,2
0,1,1,0,1,1,0,1,0,1,0,0,0,1,0,0,1
1,1,1,0,1,1,0,1,0,0,0,0,0,1,0,0,1
0,1,1,0,1,1,0,1,0,0,0,0,0,1,0,1,2
0,1,1,0,1,1,0,1,0,0,0,0,0,1,0,1,1
0,1,1,0,1,1,0,1,0,0,0,0,0,1,0,1,2
0,1,1,1,0,1,0,1,0,0,0,0,0,1,0,1,1
0,1,1,0,1,0,1,1,0,1,0,0,0,1,0,0,3
0,1,1,0,1,1,0,1,0,0,0,0,0,1,0,1,2
0,1,1,0,1,1,0,1,0,0,0,0,1,0,0,1,3
0,0,1,0,1,1,0,1,0,0,0,1,0,1,0,1,2
0,1,1,1,0,1,0,1,0,0,0,0,0,1,0,1,2
0,1,1,0,1,1,0,1,0,0,0,0,0,1,0,1,1
0,1,1,0,1,0,1,1,0,0,0,0,0,0,1,1,2
0,1,1,0,1,1,0,1,0,1,0,0,0,1,0,0,2
0,1,1,0,1,0,1,1,0,0,0,0,1,0,0,1,3
0,0,1,1,0,1,0,1,1,0,0,0,0,1,0,1,2
0,1,1,0,1,0,1,1,0,0,0,0,0,0,1,1,2
0,1,1,1,0,1,0,1,0,1,0,0,0,1,0,0,1
0,1,1,1,0,1,0,1,0,0,0,0,0,0,1,1,2
0,1,1,0,1,0,1,1,0,0,0,0,0,1,0,1,2
0,1,1,0,1,1,0,1,0,1,0,0,0,1,0,0,1
0,1,1,1,0,1,0,1,0,0,0,0,0,0,1,1,1
0,1,1,0,1,0,1,1,0,1,0,0,0,1,0,0,3
0,1,1,1,0,1,0,1,0,0,0,0,0,1,0,1,1
0,1,1,0,1,1,0,1,0,1,0,0,0,1,0,0,2
0,1,1,1,0,1,0,1,0,0,0,0,0,0,1,1,2
0,1,1,1,0,1,0,1,0,1,0,0,0,1,0,0,2
0,1,1,0,1,1,0,1,0,0,0,0,0,1,0,1,3
0,1,1,0,1,0,1,1,0,0,0,0,0,0,1,1,2
0,1,1,0,1,1,0,1,0,1,0,0,0,1,0,0,1
0,1,1,0,1,1,0,1,0,0,0,0,0,1,0,1,2
0,1,1,0,1,0,1,1,0,0,0,0,0,1,0,1,3
0,1,1,0,1,1,0,1,0,0,0,0,0,1,0,1,2
0,1,1,1,0,1,0,1,0,0,0,0,0,0,1,1,2
0,1,1,0,1,1,0,1,0,0,0,0,0,0,1,1,2
0,1,1,0,1,1,0,1,0,0,0,0,0,1,0,1,2
0,1,1,0,1,0,1,1,0,0,0,0,0,1,0,1,2
0,1,1,1,0,1,0,1,0,0,0,0,0,0,1,1,2
0,1,1,0,1,1,0,1,0,0,0,0,0,1,0,1,2
0,1,1,1,0,1,0,1,0,1,0,0,0,0,1,0,2
0,1,1,0,1,1,0,1,0,0,0,0,0,1,0,1,2
0,1,1,0,1,0,1,1,0,0,0,0,0,1,0,1,2
0,1,1,1,0,1,0,1,0,0,0,0,0,0,1,1,2
0,1,1,0,1,0,1,1,0,0,0,0,1,0,0,1,3
0,1,1,1,0,0,1,1,0,0,0,0,0,0,1,1,2
0,1,1,0,1,1,0,1,0,0,0,0,0,1,0,1,2
0,1,1,0,1,1,0,1,0,0,0,0,1,0,0,1,2
0,1,1,0,1,1,0,1,0,0,0,0,0,1,0,1,2
0,1,1,1,0,1,0,1,0,0,0,0,0,0,1,1,2
1,1,1,0,1,1,0,1,0,0,0,0,0,1,0,0,2
0,1,1,1,0,1,0,1,0,0,0,0,0,1,0,1,2
0,1,1,1,0,1,0,1,0,0,0,0,0,0,1,1,2
0,1,1,0,1,0,1,1,0,1,0,0,0,1,0,0,3
0,1,1,1,0,1,0,1,0,0,0,0,0,1,0,1,2
0,1,1,0,1,1,0,1,0,0,0,0,0,1,0,1,3
0,1,1,0,1,1,0,1,0,0,0,0,1,0,0,1,3
0,1,1,1,0,1,0,1,0,0,0,0,0,1,0,1,2
0,1,1,0,1,1,0,1,0,0,0,0,0,1,0,1,3
0,1,1,0,1,1,0,1,0,0,0,0,0,1,0,1,2
0,1,1,0,1,1,0,1,0,1,0,0,0,0,1,0,2
0,1,1,0,1,1,0,1,0,0,0,0,0,1,0,1,2
0,1,1,0,1,1,0,1,0,1,0,0,0,1,0,0,2
0,1,1,0,1,0,1,1,0,0,0,0,0,1,0,1,2
0,1,1,0,1,1,0,1,0,0,0,0,0,1,0,1,1
0,1,1,0,1,1,0,1,0,1,0,0,0,1,0,0,2
0,1,1,0,1,1,0,1,0,1,0,0,0,1,0,0,2
0,1,1,0,1,1,0,1,0,0,0,0,0,1,0,1,2
0,1,1,0,1,1,0,1,0,0,0,0,0,1,0,1,2
0,1,1,1,0,1,0,1,0,1,0,0,0,1,0,0,2
0,1,1,0,1,0,1,1,0,0,0,0,0,1,0,1,3
0,1,1,0,1,1,0,1,0,0,0,0,0,1,0,1,3
0,1,1,1,0,1,0,1,0,0,0,0,0,1,0,1,2
0,1,1,0,1,0,1,1,0,0,0,0,0,1,0,1,2
0,1,1,0,1,1,0,1,0,0,0,0,0,1,0,1,1
0,1,1,1,0,0,1,1,0,0,0,0,0,0,1,1,2
0,1,1,1,0,1,0,1,0,1,0,0,0,1,0,0,2
0,1,1,0,1,1,0,1,0,1,0,0,0,1,0,0,2
0,1,1,0,1,1,0,1,0,1,0,0,0,1,0,0,1
0,1,1,1,0,1,0,1,0,1,0,0,0,1,0,0,2
0,1,1,0,1,1,0,1,0,1,0,0,0,0,1,0,2
0,1,1,0,1,1,0,1,0,0,0,0,0,1,0,1,2
0,0,1,0,1,1,0,1,0,0,0,1,0,1,0,1,2
0,1,1,0,1,1,0,1,0,0,0,0,0,1,0,1,2
0,1,1,0,1,1,0,1,0,0,0,0,0,1,0,1,1
0,1,1,0,1,0,1,1,0,1,0,0,0,1,0,0,3
0,1,1,0,1,1,0,1,0,0,0,0,1,0,0,1,3
0,1,1,0,1,1,0,1,0,0,0,0,0,1,0,1,2
0,1,1,0,1,1,0,1,0,0,0,0,0,1,0,1,2
0,1,1,0,1,1,0,1,0,1,0,0,0,1,0,0,2
0,1,1,0,1,1,0,1,0,0,0,0,0,1,0,1,3
0,1,1,1,0,1,0,1,0,0,0,0,0,1,0,1,2
0,1,1,0,1,1,0,1,0,1,0,0,0,1,0,0,2
0,1,1,0,1,1,0,1,0,0,0,0,0,1,0,1,1
0,1,1,1,0,1,0,1,0,0,0,0,0,0,1,1,1
0,1,1,1,0,1,0,1,0,0,0,0,0,1,0,1,2
0,1,1,0,1,1,0,1,0,1,0,0,0,1,0,0,2
0,0,1,0,1,1,0,1,0,1,0,1,0,1,0,0,2
0,1,1,0,1,0,1,1,0,0,0,0,0,1,0,1,3
0,1,1,1,0,1,0,1,0,0,0,0,0,1,0,1,2
0,1,1,0,1,1,0,1,0,0,0,0,0,1,0,1,2
0,1,1,0,1,1,0,1,0,0,0,0,0,1,0,1,3
0,1,1,0,1,0,1,1,0,0,0,0,0,1,0,1,2
0,1,1,1,0,1,0,1,0,0,0,0,0,1,0,1,3
0,1,1,0,1,0,1,1,0,0,0,0,0,0,1,1,2
0,1,1,0,1,1,0,1,0,0,0,0,1,0,0,1,2
0,1,1,1,0,1,0,1,0,0,0,0,0,1,0,1,2
0,1,1,0,1,0,1,1,0,0,0,0,0,1,0,1,2
0,1,1,0,1,1,0,1,0,0,0,0,0,1,0,1,2
0,1,1,0,1,1,0,1,0,0,0,0,0,1,0,1,2
0,1,1,0,1,1,0,1,0,1,0,0,0,1,0,0,2
0,1,1,0,1,1,0,1,0,0,0,0,0,1,0,1,2
0,1,1,0,1,1,0,1,0,0,0,0,0,1,0,1,2
0,1,1,1,0,1,0,1,0,0,0,0,0,0,1,1,1
0,1,1,0,1,0,1,1,0,0,0,0,0,1,0,1,2
0,1,1,1,0,1,0,1,0,0,0,0,0,1,0,1,2
0,1,1,0,1,0,1,1,0,0,0,0,0,1,0,1,1
0,1,1,1,0,1,0,1,0,0,0,0,0,1,0,1,2
0,1,1,0,1,1,0,1,0,0,0,0,0,1,0,1,1
0,1,1,0,1,1,0,1,0,0,0,0,0,1,0,1,3
0,1,1,0,1,1,0,1,0,1,0,0,0,1,0,0,2
0,1,1,1,0,1,0,1,0,0,0,0,0,0,1,1,2
0,0,1,0,1,1,0,1,0,0,1,0,0,1,0,1,2
0,1,1,0,1,1,0,1,0,0,0,0,0,1,0,1,2
0,1,1,1,0,1,0,1,0,1,0,0,0,1,0,0,1
0,1,1,0,1,1,0,1,0,1,0,0,0,1,0,0,2
0,0,1,0,1,1,0,1,0,0,1,0,0,1,0,1,2
0,1,1,0,1,1,0,1,0,1,0,0,0,1,0,0,3
0,1,1,0,1,1,0,1,0,0,0,0,0,1,0,1,2
0,1,1,0,1,1,0,1,0,0,0,0,0,0,1,1,2
0,1,1,0,1,1,0,1,0,0,0,0,0,1,0,1,2
0,0,1,1,0,1,0,1,1,0,0,0,0,1,0,1,2
0,1,1,0,1,1,0,1,0,1,0,0,0,1,0,0,2
0,1,1,0,1,1,0,1,0,0,0,0,0,0,1,1,1
0,1,1,0,1,1,0,1,0,0,0,0,0,1,0,1,2
0,1,1,0,1,1,0,1,0,0,0,0,0,1,0,1,2
0,1,1,0,1,1,0,1,0,1,0,0,0,1,0,0,1
0,1,1,1,0,1,0,1,0,0,0,0,0,1,0,1,2
0,1,1,0,1,0,1,1,0,0,0,0,1,0,0,1,2
0,0,1,0,1,1,0,1,1,1,0,0,0,1,0,0,2
0,1,1,1,0,1,0,1,0,0,0,0,0,0,1,1,2
0,1,1,0,1,1,0,1,0,0,0,0,0,1,0,1,1
0,1,1,0,1,1,0,1,0,0,0,0,0,1,0,1,2
0,1,1,0,1,1,0,1,0,0,0,0,0,1,0,1,2
0,1,1,0,1,0,1,1,0,0,0,0,1,0,0,1,3
0,1,1,0,1,1,0,1,0,1,0,0,0,0,1,0,2
0,1,1,0,1,1,0,1,0,0,0,0,0,1,0,1,2
0,1,1,1,0,1,0,1,0,0,0,0,0,1,0,1,2
0,1,1,0,1,1,0,1,0,0,0,0,0,1,0,1,1
0,1,1,1,0,0,1,1,0,0,0,0,0,0,1,1,2
0,0,1,0,1,1,0,1,1,0,0,0,0,1,0,1,2
0,1,1,0,1,1,0,1,0,0,0,0,1,0,0,1,2
0,1,1,0,1,0,1,1,0,0,0,0,1,0,0,1,2
0,1,1,1,0,1,0,1,0,0,0,0,0,1,0,1,2
0,1,1,0,1,0,1,1,0,0,0,0,1,0,0,1,2
0,0,1,1,0,1,0,1,1,0,0,0,0,1,0,1,2
0,1,1,1,0,1,0,1,0,1,0,0,0,1,0,0,1
0,1,1,0,1,0,1,1,0,1,0,0,0,1,0,0,2
0,0,1,1,0,1,0,1,1,0,0,0,0,1,0,1,2
0,1,1,0,1,1,0,1,0,0,0,0,0,1,0,1,1
0,1,1,0,1,1,0,1,0,0,0,0,0,0,1,1,2
0,1,1,0,1,1,0,1,0,0,0,0,0,1,0,1,1
0,1,1,0,1,1,0,1,0,1,0,0,0,1,0,0,2
0,1,1,0,1,1,0,1,0,0,0,0,0,0,1,1,2
0,0,1,0,1,1,0,1,1,0,0,0,0,1,0,1,2
0,1,1,0,1,1,0,1,0,0,0,0,0,1,0,1,2
0,1,1,1,0,1,0,1,0,0,0,0,0,1,0,1,3
0,1,1,1,0,1,0,1,0,1,0,0,0,1,0,0,2
0,1,1,0,1,0,1,1,0,0,0,0,1,0,0,1,3
1,1,1,1,0,1,0,1,0,0,0,0,0,1,0,0,1
0,1,1,0,1,1,0,1,0,1,0,0,0,0,1,0,2
0,1,1,0,1,1,0,1,0,0,0,0,1,0,0,1,2
0,1,1,0,1,0,1,1,0,0,0,0,0,1,0,1,2
1,1,1,0,1,1,0,1,0,0,0,0,0,1,0,0,1
0,1,1,0,1,1,0,1,0,0,0,0,0,1,0,1,1
0,1,1,0,1,1,0,1,0,0,0,0,1,0,0,1,2
0,1,1,1,0,1,0,1,0,0,0,0,0,1,0,1,2
0,1,1,0,1,1,0,1,0,0,0,0,0,1,0,1,2
0,1,1,1,0,1,0,1,0,0,0,0,0,1,0,1,1
0,1,1,0,1,0,1,1,0,0,0,0,1,0,0,1,2
0,1,1,1,0,1,0,1,0,0,0,0,0,1,0,1,2
0,1,1,0,1,0,1,1,0,0,0,0,0,1,0,1,2
0,0,1,0,1,1,0,1,1,1,0,0,0,1,0,0,2
0,1,1,0,1,1,0,1,0,1,0,0,0,1,0,0,2
0,1,1,1,0,0,1,1,0,0,0,0,0,1,0,1,2
0,1,1,0,1,1,0,1,0,0,0,0,0,1,0,1,2
0,1,1,0,1,1,0,1,0,1,0,0,0,1,0,0,1
0,1,1,0,1,1,0,1,0,0,0,0,1,0,0,1,2
0,1,1,0,1,1,0,1,0,0,0,0,0,0,1,1,1
0,1,1,0,1,0,1,1,0,1,0,0,0,1,0,0,3
0,1,1,0,1,1,0,1,0,0,0,0,0,1,0,1,2
0,0,1,0,1,1,0,1,0,0,0,1,0,1,0,1,2
0,1,1,0,1,0,1,1,0,1,0,0,0,1,0,0,2
0,1,1,1,0,0,1,1,0,0,0,0,0,1,0,1,2
0,1,1,1,0,1,0,1,0,0,0,0,0,0,1,1,1
0,1,1,0,1,0,1,1,0,0,0,0,0,1,0,1,2
0,1,1,1,0,1,0,1,0,0,0,0,0,1,0,1,1
0,1,1,0,1,1,0,1,0,1,0,0,0,1,0,0,1
0,1,1,1,0,1,0,1,0,0,0,0,0,1,0,1,2
0,1,1,1,0,1,0,1,0,1,0,0,0,1,0,0,2
0,1,1,1,0,1,0,1,0,0,0,0,0,1,0,1,2
0,1,1,0,1,1,0,1,0,1,0,0,0,1,0,0,2
0,1,1,0,1,1,0,1,0,0,0,0,0,1,0,1,1
0,1,1,0,1,1,0,1,0,1,0,0,0,1,0,0,2
0,1,1,0,1,1,0,1,0,1,0,0,0,1,0,0,1
0,1,1,1,0,1,0,1,0,0,0,0,0,0,1,1,2
0,1,1,1,0,1,0,1,0,0,0,0,0,0,1,1,2
0,1,1,0,1,1,0,1,0,0,0,0,0,0,1,1,2
0,1,1,0,1,1,0,1,0,0,0,0,0,1,0,1,1
0,1,1,0,1,1,0,1,0,0,0,0,0,1,0,1,1
0,1,1,0,1,1,0,1,0,0,0,0,0,1,0,1,2
0,1,1,1,0,1,0,1,0,0,0,0,0,1,0,1,1
0,1,1,1,0,1,0,1,0,1,0,0,0,0,1,0,2
0,1,1,0,1,1,0,1,0,0,0,0,0,1,0,1,3
0,1,1,1,0,1,0,1,0,0,0,0,0,0,1,1,2
0,1,1,0,1,0,1,1,0,1,0,0,0,1,0,0,1
0,1,1,0,1,1,0,1,0,0,0,0,0,1,0,1,2
0,1,1,0,1,0,1,1,0,0,0,0,1,0,0,1,2
0,1,1,1,0,1,0,1,0,1,0,0,0,1,0,0,2
0,1,1,1,0,1,0,1,0,1,0,0,0,1,0,0,2
0,1,1,1,0,1,0,1,0,0,0,0,0,1,0,1,3
0,0,1,0,1,1,0,1,0,0,1,0,0,1,0,1,2
0,1,1,0,1,0,1,1,0,0,0,0,0,1,0,1,3
0,1,1,0,1,1,0,1,0,0,0,0,0,1,0,1,2
0,1,1,0,1,1,0,1,0,0,0,0,1,0,0,1,2
0,0,1,1,0,1,0,1,1,0,0,0,0,1,0,1,2
0,1,1,1,0,1,0,1,0,0,0,0,0,0,1,1,2
0,1,1,1,0,1,0,1,0,0,0,0,0,1,0,1,2
0,1,1,0,1,0,1,1,0,1,0,0,0,1,0,0,3
0,1,1,0,1,1,0,1,0,0,0,0,0,0,1,1,2
0,1,1,0,1,1,0,1,0,0,0,0,0,1,0,1,1
0,1,1,0,1,1,0,1,0,1,0,0,0,1,0,0,2
0,1,1,0,1,1,0,1,0,0,0,0,0,1,0,1,2
0,1,1,0,1,0,1,1,0,0,0,0,0,1,0,1,2
0,1,1,1,0,1,0,1,0,0,0,0,0,0,1,1,2
0,1,1,0,1,1,0,1,0,0,0,0,1,0,0,1,2
0,1,1,0,1,1,0,1,0,0,0,0,0,1,0,1,2
1,1,1,0,1,1,0,1,0,0,0,0,0,1,0,0,2
0,0,1,0,1,1,0,1,1,1,0,0,0,1,0,0,2
0,1,1,0,1,1,0,1,0,0,0,0,0,1,0,1,1
0,1,1,1,0,1,0,1,0,0,0,0,0,1,0,1,2
0,1,1,0,1,1,0,1,0,0,0,0,0,1,0,1,2
0,1,1,0,1,1,0,1,0,1,0,0,0,1,0,0,2
0,1,1,1,0,1,0,1,0,0,0,0,0,0,1,1,2
0,1,1,1,0,1,0,1,0,1,0,0,0,1,0,0,1
0,1,1,0,1,1,0,1,0,0,0,0,0,1,0,1,2
0,1,1,0,1,0,1,1,0,0,0,0,0,1,0,1,2
0,1,1,1,0,1,0,1,0,0,0,0,0,1,0,1,2
0,1,1,0,1,0,1,1,0,0,0,0,0,1,0,1,2
0,1,1,0,1,1,0,1,0,1,0,0,0,1,0,0,1
0,1,1,0,1,1,0,1,0,0,0,0,0,1,0,1,2
0,1,1,0,1,1,0,1,0,0,0,0,0,1,0,1,3
0,1,1,0,1,0,1,1,0,0,0,0,0,0,1,1,2
0,1,1,0,1,0,1,1,0,0,0,0,0,1,0,1,2
0,1,1,0,1,1,0,1,0,0,0,0,0,0,1,1,1
0,1,1,0,1,0,1,1,0,0,0,0,1,0,0,1,3
0,1,1,0,1,1,0,1,0,1,0,0,0,1,0,0,1
0,1,1,0,1,1,0,1,0,0,0,0,0,1,0,1,2
0,1,1,0,1,1,0,1,0,0,0,0,0,1,0,1,2
0,1,1,0,1,0,1,1,0,0,0,0,1,0,0,1,2
0,1,1,0,1,1,0,1,0,1,0,0,0,1,0,0,1
0,1,1,0,1,0,1,1,0,0,0,0,0,1,0,1,2
0,1,1,1,0,0,1,1,0,1,0,0,0,1,0,0,2
0,1,1,0,1,0,1,1,0,1,0,0,0,1,0,0,2
0,1,1,0,1,1,0,1,0,0,0,0,0,1,0,1,2
0,1,1,0,1,1,0,1,0,0,0,0,0,1,0,1,2
0,1,1,0,1,1,0,1,0,1,0,0,0,1,0,0,3
1,1,1,1,0,1,0,1,0,0,0,0,0,1,0,0,1
0,1,1,0,1,0,1,1,0,0,0,0,0,1,0,1,3
0,0,1,0,1,1,0,1,0,1,0,1,0,1,0,0,2
0,1,1,1,0,1,0,1,0,0,0,0,0,1,0,1,2
0,1,1,0,1,0,1,1,0,0,0,0,0,0,1,1,2
1,1,1,0,1,1,0,1,0,0,0,0,0,1,0,0,2
0,1,1,0,1,0,1,1,0,0,0,0,0,1,0,1,3
0,0,1,0,1,1,0,1,0,0,1,0,0,1,0,1,2
0,1,1,0,1,0,1,1,0,0,0,0,0,1,0,1,2
0,0,1,0,1,0,1,1,1,1,0,0,0,1,0,0,2
0,1,1,0,1,1,0,1,0,0,0,0,0,0,1,1,1
0,1,1,1,0,1,0,1,0,0,0,0,0,1,0,1,2
0,1,1,1,0,1,0,1,0,0,0,0,0,1,0,1,2
0,1,1,0,1,1,0,1,0,0,0,0,1,0,0,1,2
0,1,1,0,1,1,0,1,0,0,0,0,0,1,0,1,2
0,1,1,0,1,0,1,1,0,0,0,0,1,0,0,1,2
0,1,1,0,1,0,1,1,0,0,0,0,1,0,0,1,2
1,1,1,0,1,1,0,1,0,0,0,0,0,1,0,0,2
0,0,1,0,1,1,0,1,1,0,0,0,0,1,0,1,2
0,0,1,0,1,1,0,1,0,0,0,1,0,1,0,1,2
0,1,1,0,1,1,0,1,0,0,0,0,0,1,0,1,2
0,0,1,0,1,1,0,1,1,1,0,0,0,1,0,0,2
0,1,1,0,1,0,1,1,0,0,0,0,0,1,0,1,1
0,1,1,0,1,1,0,1,0,0,0,0,0,1,0,1,2
0,1,1,0,1,1,0,1,0,1,0,0,0,1,0,0,2
0,1,1,0,1,1,0,1,0,0,0,0,0,1,0,1,2
0,1,1,0,1,0,1,1,0,0,0,0,1,0,0,1,2
0,0,1,0,1,1,0,1,1,1,0,0,0,1,0,0,2
0,1,1,1,0,1,0,1,0,1,0,0,0,1,0,0,2
0,0,1,0,1,0,1,1,1,1,0,0,0,1,0,0,2
0,1,1,1,0,1,0,1,0,1,0,0,0,0,1,0,2
0,1,1,1,0,1,0,1,0,1,0,0,0,1,0,0,2
0,1,1,0,1,1,0,1,0,1,0,0,0,1,0,0,1
0,1,1,0,1,1,0,1,0,0,0,0,0,1,0,1,3
0,1,1,0,1,1,0,1,0,0,0,0,0,1,0,1,1
0,1,1,0,1,0,1,1,0,1,0,0,0,1,0,0,3
0,1,1,0,1,0,1,1,0,0,0,0,0,1,0,1,2
0,1,1,0,1,1,0,1,0,0,0,0,0,1,0,1,2
0,1,1,0,1,1,0,1,0,0,0,0,1,0,0,1,3
1,1,1,0,1,1,0,1,0,0,0,0,0,1,0,0,2
0,0,1,0,1,0,1,1,1,1,0,0,0,1,0,0,2
0,1,1,1,0,1,0,1,0,0,0,0,0,1,0,1,1
0,1,1,1,0,1,0,1,0,0,0,0,0,0,1,1,2
0,1,1,1,0,1,0,1,0,0,0,0,0,0,1,1,2
0,1,1,0,1,0,1,1,0,1,0,0,0,1,0,0,2
0,1,1,0,1,1,0,1,0,0,0,0,0,0,1,1,1
0,1,1,1,0,1,0,1,0,1,0,0,0,1,0,0,1
0,1,1,1,0,1,0,1,0,0,0,0,0,1,0,1,2
0,1,1,0,1,0,1,1,0,0,0,0,0,1,0,1,3
0,0,1,0,1,1,0,1,1,0,0,0,0,1,0,1,2
0,1,1,0,1,1,0,1,0,1,0,0,0,1,0,0,1
0,1,1,0,1,1,0,1,0,0,0,0,0,1,0,1,2
0,0,1,0,1,1,0,1,0,0,1,0,0,1,0,1,2
0,1,1,0,1,0,1,1,0,0,0,0,0,1,0,1,3
0,1,1,0,1,1,0,1,0,0,0,0,0,1,0,1,1
0,1,1,1,0,1,0,1,0,0,0,0,0,0,1,1,2
0,1,1,1,0,1,0,1,0,0,0,0,0,1,0,1,1
0,1,1,0,1,0,1,1,0,0,0,0,0,1,0,1,2
0,1,1,0,1,1,0,1,0,0,0,0,0,1,0,1,2
0,1,1,1,0,1,0,1,0,0,0,0,0,1,0,1,2
0,1,1,1,0,1,0,1,0,0,0,0,0,1,0,1,1
0,1,1,1,0,0,1,1,0,0,0,0,0,1,0,1,2
0,1,1,1,0,1,0,1,0,0,0,0,0,0,1,1,2
0,1,1,0,1,1,0,1,0,0,0,0,0,1,0,1,2
0,1,1,0,1,1,0,1,0,0,0,0,0,1,0,1,2
0,1,1,1,0,0,1,1,0,0,0,0,0,1,0,1,2
0,1,1,1,0,1,0,1,0,0,0,0,0,0,1,1,2
0,1,1,0,1,1,0,1,0,0,0,0,0,1,0,1,1
0,1,1,0,1,0,1,1,0,0,0,0,1,0,0,1,3
0,0,1,0,1,1,0,1,1,0,0,0,0,1,0,1,2
0,1,1,0,1,1,0,1,0,1,0,0,0,1,0,0,1
0,1,1,0,1,1,0,1,0,0,0,0,0,1,0,1,1
0,1,1,1,0,1,0,1,0,0,0,0,0,0,1,1,2
0,1,1,0,1,1,0,1,0,1,0,0,0,0,1,0,2
0,1,1,0,1,1,0,1,0,0,0,0,0,1,0,1,1
0,1,1,1,0,1,0,1,0,0,0,0,0,0,1,1,2
0,1,1,0,1,1,0,1,0,0,0,0,0,1,0,1,3
0,0,1,0,1,1,0,1,1,0,0,0,0,1,0,1,2
0,1,1,1,0,1,0,1,0,0,0,0,0,0,1,1,2
0,1,1,0,1,1,0,1,0,0,0,0,0,1,0,1,2
0,1,1,1,0,1,0,1,0,0,0,0,0,1,0,1,2
0,1,1,1,0,0,1,1,0,1,0,0,0,1,0,0,2
0,1,1,0,1,0,1,1,0,1,0,0,0,1,0,0,2
0,0,1,0,1,1,0,1,0,0,0,1,0,1,0,1,2
0,1,1,0,1,1,0,1,0,1,0,0,0,1,0,0,1
0,1,1,0,1,0,1,1,0,1,0,0,0,1,0,0,3
0,0,1,0,1,1,0,1,0,0,1,0,0,1,0,1,2
0,1,1,0,1,1,0,1,0,0,0,0,0,1,0,1,2
0,1,1,0,1,0,1,1,0,0,0,0,0,1,0,1,2
0,1,1,1,0,1,0,1,0,1,0,0,0,1,0,0,2
0,1,1,0,1,0,1,1,0,0,0,0,0,1,0,1,3
0,1,1,0,1,1,0,1,0,0,0,0,0,1,0,1,2
0,1,1,0,1,0,1,1,0,0,0,0,1,0,0,1,2
0,1,1,1,0,1,0,1,0,0,0,0,0,0,1,1,1
0,1,1,0,1,1,0,1,0,0,0,0,0,1,0,1,2
0,1,1,0,1,1,0,1,0,0,0,0,1,0,0,1,2
0,1,1,1,0,0,1,1,0,0,0,0,0,1,0,1,2
0,1,1,0,1,1,0,1,0,0,0,0,0,1,0,1,2
0,1,1,0,1,0,1,1,0,0,0,0,0,1,0,1,2
0,1,1,0,1,1,0,1,0,1,0,0,0,1,0,0,1
0,1,1,0,1,1,0,1,0,0,0,0,0,1,0,1,2
0,1,1,0,1,1,0,1,0,1,0,0,0,1,0,0,2
0,1,1,0,1,1,0,1,0,1,0,0,0,1,0,0,1
0,1,1,0,1,0,1,1,0,0,0,0,0,1,0,1,2
0,1,1,0,1,1,0,1,0,0,0,0,0,1,0,1,2
0,1,1,0,1,0,1,1,0,0,0,0,1,0,0,1,2
0,0,1,0,1,1,0,1,0,0,1,0,0,1,0,1,2
0,1,1,1,0,1,0,1,0,0,0,0,0,0,1,1,2
0,1,1,0,1,0,1,1,0,0,0,0,0,1,0,1,3
0,1,1,0,1,1,0,1,0,0,0,0,0,1,0,1,2
0,1,1,0,1,1,0,1,0,0,0,0,0,1,0,1,2
1,1,1,0,1,1,0,1,0,0,0,0,0,1,0,0,2
0,1,1,0,1,1,0,1,0,0,0,0,0,1,0,1,2
0,1,1,0,1,1,0,1,0,0,0,0,0,1,0,1,1
0,1,1,0,1,1,0,1,0,0,0,0,0,1,0,1,3
0,1,1,0,1,1,0,1,0,0,0,0,0,1,0,1,2
0,1,1,1,0,0,1,1,0,0,0,0,0,0,1,1,2
0,1,1,0,1,0,1,1,0,0,0,0,0,1,0,1,2
0,1,1,0,1,0,1,1,0,0,0,0,1,0,0,1,2
0,0,1,0,1,1,0,1,0,0,1,0,0,1,0,1,2
0,1,1,1,0,1,0,1,0,0,0,0,0,0,1,1,2
0,1,1,0,1,0,1,1,0,0,0,0,0,0,1,1,2
0,1,1,1,0,0,1,1,0,1,0,0,0,1,0,0,2
1,1,1,1,0,1,0,1,0,0,0,0,0,1,0,0,1
0,1,1,0,1,1,0,1,0,0,0,0,0,1,0,1,2
0,1,1,1,0,1,0,1,0,0,0,0,0,1,0,1,2
0,1,1,1,0,1,0,1,0,0,0,0,0,0,1,1,1
0,1,1,0,1,1,0,1,0,0,0,0,0,1,0,1,2
0,1,1,0,1,1,0,1,0,0,0,0,0,1,0,1,2
0,1,1,0,1,0,1,1,0,0,0,0,0,1,0,1,2
0,1,1,0,1,1,0,1,0,0,0,0,0,1,0,1,1
0,1,1,1,0,1,0,1,0,0,0,0,0,1,0,1,2
0,1,1,0,1,1,0,1,0,0,0,0,0,1,0,1,2
0,1,1,0,1,1,0,1,0,0,0,0,0,1,0,1,2
0,1,1,0,1,0,1,1,0,1,0,0,0,1,0,0,2
0,1,1,0,1,0,1,1,0,0,0,0,0,0,1,1,2
0,1,1,0,1,1,0,1,0,0,0,0,0,1,0,1,2
0,1,1,0,1,1,0,1,0,0,0,0,0,1,0,1,2
0,1,1,0,1,1,0,1,0,0,0,0,0,1,0,1,1
0,1,1,0,1,1,0,1,0,0,0,0,0,0,1,1,2
0,1,1,0,1,0,1,1,0,0,0,0,0,1,0,1,2
0,1,1,0,1,1,0,1,0,0,0,0,1,0,0,1,2
0,1,1,0,1,0,1,1,0,0,0,0,0,1,0,1,2
0,0,1,0,1,1,0,1,1,0,0,0,0,1,0,1,2
0,1,1,1,0,1,0,1,0,0,0,0,0,1,0,1,2
0,1,1,0,1,1,0,1,0,0,0,0,1,0,0,1,2
0,1,1,1,0,0,1,1,0,0,0,0,0,1,0,1,2
0,1,1,0,1,1,0,1,0,0,0,0,0,1,0,1,2
0,1,1,1,0,1,0,1,0,0,0,0,0,1,0,1,2
0,1,1,0,1,1,0,1,0,0,0,0,0,0,1,1,1
0,1,1,1,0,1,0,1,0,0,0,0,0,1,0,1,2
0,1,1,0,1,1,0,1,0,0,0,0,0,1,0,1,2
0,1,1,0,1,0,1,1,0,0,0,0,0,1,0,1,2
0,1,1,1,0,1,0,1,0,0,0,0,0,0,1,1,2
1,1,1,0,1,1,0,1,0,0,0,0,0,1,0,0,2
0,0,1,0,1,1,0,1,1,0,0,0,0,1,0,1,2
0,1,1,1,0,1,0,1,0,0,0,0,0,1,0,1,2
0,1,1,0,1,1,0,1,0,0,0,0,0,1,0,1,1
0,1,1,0,1,1,0,1,0,0,0,0,1,0,0,1,3
0,1,1,0,1,1,0,1,0,0,0,0,0,1,0,1,2
0,1,1,0,1,1,0,1,0,0,0,0,1,0,0,1,3
0,1,1,0,1,0,1,1,0,0,0,0,0,1,0,1,2
0,1,1,0,1,0,1,1,0,0,0,0,0,1,0,1,3
0,1,1,0,1,0,1,1,0,0,0,0,1,0,0,1,2
0,1,1,0,1,1,0,1,0,1,0,0,0,1,0,0,2
0,1,1,0,1,0,1,1,0,1,0,0,0,1,0,0,2
0,1,1,1,0,1,0,1,0,0,0,0,0,1,0,1,2
0,1,1,0,1,1,0,1,0,1,0,0,0,1,0,0,2
0,1,1,0,1,0,1,1,0,1,0,0,0,1,0,0,2
0,1,1,0,1,0,1,1,0,0,0,0,0,1,0,1,3
0,1,1,0,1,0,1,1,0,0,0,0,0,0,1,1,2
0,1,1,0,1,1,0,1,0,0,0,0,0,1,0,1,3
0,1,1,0,1,1,0,1,0,0,0,0,0,1,0,1,2
0,1,1,0,1,1,0,1,0,0,0,0,0,1,0,1,1
0,1,1,0,1,0,1,1,0,1,0,0,0,1,0,0,2
0,1,1,0,1,1,0,1,0,0,0,0,0,1,0,1,2
0,1,1,0,1,0,1,1,0,0,0,0,0,1,0,1,3
0,1,1,1,0,1,0,1,0,0,0,0,0,0,1,1,1
0,1,1,0,1,0,1,1,0,0,0,0,0,1,0,1,2
0,1,1,0,1,1,0,1,0,0,0,0,0,0,1,1,2
0,1,1,0,1,1,0,1,0,0,0,0,0,1,0,1,2
0,1,1,0,1,0,1,1,0,0,0,0,1,0,0,1,2
0,1,1,0,1,1,0,1,0,0,0,0,0,0,1,1,2
0,1,1,0,1,1,0,1,0,0,0,0,0,1,0,1,3
0,1,1,0,1,1,0,1,0,0,0,0,0,1,0,1,1
0,1,1,0,1,1,0,1,0,1,0,0,0,1,0,0,2
0,1,1,1,0,1,0,1,0,0,0,0,0,1,0,1,1
0,1,1,1,0,1,0,1,0,1,0,0,0,1,0,0,1
0,1,1,1,0,0,1,1,0,0,0,0,0,1,0,1,2
0,1,1,1,0,1,0,1,0,1,0,0,0,1,0,0,2
0,0,1,0,1,1,0,1,0,0,0,1,0,1,0,1,2
0,1,1,0,1,1,0,1,0,0,0,0,0,0,1,1,2
0,0,1,0,1,1,0,1,1,0,0,0,0,1,0,1,2
0,1,1,0,1,0,1,1,0,0,0,0,0,1,0,1,3
0,0,1,0,1,1,0,1,1,0,0,0,0,1,0,1,2
0,1,1,1,0,1,0,1,0,0,0,0,0,1,0,1,2
0,1,1,1,0,1,0,1,0,0,0,0,0,0,1,1,2
0,1,1,0,1,1,0,1,0,1,0,0,0,0,1,0,2
0,1,1,0,1,0,1,1,0,0,0,0,0,1,0,1,2
0,1,1,0,1,1,0,1,0,0,0,0,0,1,0,1,2
0,1,1,1,0,1,0,1,0,0,0,0,0,0,1,1,2
0,1,1,0,1,0,1,1,0,0,0,0,1,0,0,1,2
0,1,1,0,1,1,0,1,0,0,0,0,0,1,0,1,2
0,1,1,0,1,1,0,1,0,0,0,0,0,1,0,1,1
0,1,1,0,1,1,0,1,0,0,0,0,0,1,0,1,1
0,1,1,1,0,1,0,1,0,1,0,0,0,1,0,0,2
0,1,1,0,1,1,0,1,0,0,0,0,0,1,0,1,2
0,0,1,0,1,1,0,1,0,0,1,0,0,1,0,1,2
0,1,1,1,0,1,0,1,0,0,0,0,0,1,0,1,2
1,1,1,1,0,1,0,1,0,0,0,0,0,1,0,0,1
0,1,1,0,1,0,1,1,0,0,0,0,0,1,0,1,3
0,1,1,0,1,1,0,1,0,0,0,0,0,1,0,1,3
0,1,1,0,1,1,0,1,0,0,0,0,0,1,0,1,1
0,1,1,0,1,1,0,1,0,0,0,0,0,1,0,1,2
0,1,1,0,1,1,0,1,0,0,0,0,0,1,0,1,1
0,1,1,1,0,1,0,1,0,0,0,0,0,0,1,1,2
0,1,1,0,1,1,0,1,0,0,0,0,0,1,0,1,3
0,1,1,0,1,1,0,1,0,0,0,0,0,1,0,1,1
0,0,1,0,1,1,0,1,1,0,0,0,0,1,0,1,2
0,1,1,0,1,1,0,1,0,0,0,0,0,1,0,1,2
0,1,1,1,0,1,0,1,0,0,0,0,0,1,0,1,2
1,1,1,0,1,1,0,1,0,0,0,0,0,1,0,0,1
0,1,1,0,1,1,0,1,0,1,0,0,0,1,0,0,1
0,1,1,0,1,0,1,1,0,0,0,0,0,1,0,1,1
0,1,1,0,1,1,0,1,0,0,0,0,0,0,1,1,2
0,1,1,0,1,1,0,1,0,1,0,0,0,1,0,0,2
0,1,1,0,1,1,0,1,0,0,0,0,0,1,0,1,2
0,0,1,0,1,1,0,1,0,0,1,0,0,1,0,1,2
0,1,1,0,1,1,0,1,0,1,0,0,0,1,0,0,1
0,1,1,1,0,1,0,1,0,1,0,0,0,1,0,0,2
0,1,1,0,1,0,1,1,0,0,0,0,0,0,1,1,2
0,1,1,0,1,0,1,1,0,0,0,0,0,1,0,1,1
0,0,1,0,1,1,0,1,1,1,0,0,0,1,0,0,2
0,1,1,0,1,0,1,1,0,0,0,0,0,1,0,1,1
0,1,1,0,1,0,1,1,0,0,0,0,0,0,1,1,2
0,1,1,1,0,1,0,1,0,0,0,0,0,1,0,1,2
0,1,1,1,0,1,0,1,0,1,0,0,0,1,0,0,2
0,1,1,0,1,1,0,1,0,1,0,0,0,1,0,0,2
0,1,1,0,1,1,0,1,0,0,0,0,0,1,0,1,1
0,1,1,0,1,0,1,1,0,1,0,0,0,1,0,0,2
0,1,1,0,1,0,1,1,0,0,0,0,0,1,0,1,2
0,1,1,0,1,1,0,1,0,0,0,0,0,1,0,1,1
0,1,1,1,0,1,0,1,0,0,0,0,0,0,1,1,2
0,0,1,1,0,1,0,1,1,0,0,0,0,1,0,1,2
0,1,1,0,1,0,1,1,0,0,0,0,1,0,0,1,3
0,1,1,0,1,1,0,1,0,1,0,0,0,1,0,0,1
0,1,1,0,1,1,0,1,0,0,0,0,0,1,0,1,1
0,1,1,0,1,1,0,1,0,0,0,0,0,0,1,1,1
0,1,1,0,1,0,1,1,0,0,0,0,0,1,0,1,3
0,1,1,0,1,1,0,1,0,0,0,0,0,1,0,1,2
0,1,1,1,0,1,0,1,0,0,0,0,0,1,0,1,1
0,1,1,0,1,0,1,1,0,0,0,0,0,1,0,1,3
0,1,1,0,1,1,0,1,0,0,0,0,0,1,0,1,2
0,1,1,0,1,1,0,1,0,0,0,0,1,0,0,1,2
0,0,1,0,1,0,1,1,1,1,0,0,0,1,0,0,2
